%YAML:1.0
---
M1: !!opencv-matrix
   rows: 3
   cols: 3
   dt: d
   data: [ 3.2980705649113719e+02, 0., 3.0991789834865335e+02, 0.,
       3.2749961188628993e+02, 2.1460654247926990e+02, 0., 0., 1. ]
D1: !!opencv-matrix
   rows: 4
   cols: 1
   dt: d
   data: [ 0., 0., 0., 0. ]
M2: !!opencv-matrix
   rows: 3
   cols: 3
   dt: d
   data: [ 3.2757603160423025e+02, 0., 3.1153293505161378e+02, 0.,
       3.2552300279629384e+02, 2.6067098704239356e+02, 0., 0., 1. ]
D2: !!opencv-matrix
   rows: 4
   cols: 1
   dt: d
   data: [ 0., 0., 0., 0. ]
