<?xml version="1.0"?>
<opencv_storage>
<calibration_time>"Paz 29 Ara 2019 19:06:30 +03"</calibration_time>
<nr_of_frames>5</nr_of_frames>
<image_width>640</image_width>
<image_height>480</image_height>
<board_width>10</board_width>
<board_height>7</board_height>
<square_size>24.</square_size>
<fix_aspect_ratio>0.</fix_aspect_ratio>
<!-- flags: +fix_skew +fix_k4 +recompute_extrinsic -->
<flags>650</flags>
<fisheye_model>1</fisheye_model>
<camera_matrix type_id="opencv-matrix">
  <rows>3</rows>
  <cols>3</cols>
  <dt>d</dt>
  <data>
    4.1870082734975711e+02 0. 3.1950000000000000e+02 0.
    4.1721401732817748e+02 2.3950000000000000e+02 0. 0. 1.</data></camera_matrix>
<distortion_coefficients type_id="opencv-matrix">
  <rows>4</rows>
  <cols>1</cols>
  <dt>d</dt>
  <data>
    -2.0638373184858907e-01 3.2703168519599418e-01
    -3.0027293363106422e-01 0.</data></distortion_coefficients>
<avg_reprojection_error>5.7290880142998279e-01</avg_reprojection_error>
<per_view_reprojection_errors type_id="opencv-matrix">
  <rows>7</rows>
  <cols>1</cols>
  <dt>f</dt>
  <data>
    2.89679289e-01 1.10480165e+00 4.94570851e-01 3.63167882e-01
    4.88002658e-01 3.65871996e-01 4.94540632e-01</data></per_view_reprojection_errors>
<!-- a set of 6-tuples (rotation vector + translation vector) for each view -->
<extrinsic_parameters type_id="opencv-matrix">
  <rows>7</rows>
  <cols>6</cols>
  <dt>d</dt>
  <data>
    -2.9469805220465248e-02 -2.2364368161590500e-01
    1.4904244750669695e-02 -4.9437644841526037e+01
    -6.4709469493919599e+01 4.2680081854796703e+02
    4.0320410250534622e-02 1.5822337205379289e-02 5.1135303081017713e-02
    1.5428248325764957e+02 -6.1968261374500280e+01
    4.3132315909705312e+02 -5.2708365332231950e-02
    -8.3659526718424332e-02 2.6216935594582397e-02
    -4.8544141104975772e+01 -4.2699963708532223e+01
    2.7129728901053852e+02 2.5360127870671344e-02
    -3.0998719372050582e-01 1.3640250334337935e-02
    -1.4903933172747915e+02 -5.5490541135138578e+01
    3.2305109325596175e+02 1.5842079873076756e-01
    -5.9368823949953749e-02 -1.5366133934680484e+00
    -5.8265560088360012e+01 7.0931765617320266e+01
    4.1130256349031771e+02 6.5452195104399712e-03
    -4.0188152843756653e-01 -7.1890316489562310e-03
    -8.3641378339497905e+01 -5.4534641857723230e+01
    3.3933451426679289e+02 6.2151328515720923e-02
    -6.6868554685691806e-02 3.2665131200011716e-02
    -3.4373645316045646e+01 -4.4903021752474359e+01
    2.7138828801428832e+02</data></extrinsic_parameters>
<image_points type_id="opencv-matrix">
  <rows>7</rows>
  <cols>54</cols>
  <dt>"2f"</dt>
  <data>
    2.72424225e+02 1.77062439e+02 2.96642426e+02 1.78248459e+02
    3.20520294e+02 1.79539459e+02 3.44342834e+02 1.80650818e+02
    3.67371185e+02 1.82258835e+02 3.88768158e+02 1.83614090e+02
    4.09585388e+02 1.85517761e+02 4.29242493e+02 1.87553650e+02
    4.47484161e+02 1.88988525e+02 2.71443665e+02 2.01698288e+02
    2.95736755e+02 2.02467636e+02 3.20168549e+02 2.03508286e+02
    3.44284790e+02 2.04476639e+02 3.67421417e+02 2.05586029e+02
    3.88946899e+02 2.06538712e+02 4.09870880e+02 2.07787628e+02
    4.29659821e+02 2.08793488e+02 4.48022766e+02 2.10241837e+02
    2.70699249e+02 2.27161835e+02 2.95533020e+02 2.27697021e+02
    3.20143311e+02 2.28289398e+02 3.43996735e+02 2.28948730e+02
    3.66864838e+02 2.29635406e+02 3.89067078e+02 2.30204468e+02
    4.10321625e+02 2.30626602e+02 4.29721802e+02 2.31556885e+02
    4.48766602e+02 2.31887878e+02 2.70379517e+02 2.52489029e+02
    2.95256317e+02 2.52930145e+02 3.19649933e+02 2.53387634e+02
    3.43612976e+02 2.53593277e+02 3.66614380e+02 2.53665421e+02
    3.88822296e+02 2.53621719e+02 4.10248016e+02 2.53766006e+02
    4.29622437e+02 2.53678467e+02 4.48363220e+02 2.53669510e+02
    2.70329132e+02 2.77676239e+02 2.94610382e+02 2.77975525e+02
    3.19334778e+02 2.77782379e+02 3.43267792e+02 2.77703827e+02
    3.66252014e+02 2.77585815e+02 3.88408661e+02 2.77012604e+02
    4.09548309e+02 2.76499146e+02 4.29470215e+02 2.75913971e+02
    4.47704071e+02 2.75493286e+02 2.70501801e+02 3.02629181e+02
    2.95125702e+02 3.02614746e+02 3.19440857e+02 3.02421906e+02
    3.42731354e+02 3.01759064e+02 3.65743622e+02 3.01423462e+02
    3.87885284e+02 3.00392975e+02 4.09364716e+02 2.99523529e+02
    4.28741638e+02 2.98196381e+02 4.47709320e+02 2.97153748e+02
    4.59912140e+02 1.83317108e+02 4.80520081e+02 1.85601410e+02
    4.99798248e+02 1.88081238e+02 5.18713684e+02 1.90009964e+02
    5.36477600e+02 1.92461990e+02 5.52501343e+02 1.94513489e+02
    5.67782349e+02 1.96704025e+02 5.82150940e+02 1.99079712e+02
    5.89028259e+02 2.00229553e+02 4.58757812e+02 2.06777420e+02
    4.79609985e+02 2.08480881e+02 4.99429718e+02 2.10435440e+02
    5.18397461e+02 2.12002548e+02 5.35786316e+02 2.13649323e+02
    5.51716919e+02 2.15408401e+02 5.67284607e+02 2.17247025e+02
    5.81429016e+02 2.18612152e+02 5.96534180e+02 2.20707458e+02
    4.57679718e+02 2.30537048e+02 4.78499817e+02 2.31768661e+02
    4.98111755e+02 2.33031723e+02 5.16928528e+02 2.34486237e+02
    5.34484192e+02 2.35574448e+02 5.51030701e+02 2.36559601e+02
    5.66594604e+02 2.37806320e+02 5.80704712e+02 2.38979538e+02
    5.95914551e+02 2.39656982e+02 4.56181274e+02 2.54324646e+02
    4.76591766e+02 2.55165268e+02 4.96557495e+02 2.55676407e+02
    5.15254150e+02 2.56491119e+02 5.32777405e+02 2.57423553e+02
    5.49676147e+02 2.58060791e+02 5.65195312e+02 2.58523682e+02
    5.79104797e+02 2.59088379e+02 5.92522217e+02 2.59499329e+02
    4.54162842e+02 2.77568756e+02 4.74593079e+02 2.77743011e+02
    4.94250763e+02 2.78026306e+02 5.13017151e+02 2.78456329e+02
    5.30641418e+02 2.78577454e+02 5.47220642e+02 2.78602173e+02
    5.62874390e+02 2.78764557e+02 5.77307190e+02 2.78864868e+02
    5.92637451e+02 2.78637451e+02 4.51843506e+02 3.00460785e+02
    4.72394623e+02 3.00535156e+02 4.91992004e+02 3.00417816e+02
    5.10463013e+02 2.99833374e+02 5.28004822e+02 2.99633514e+02
    5.44803467e+02 2.99526245e+02 5.60764648e+02 2.99426270e+02
    5.74976868e+02 2.98595276e+02 5.90957092e+02 3.00498932e+02
    2.47133942e+02 1.74949219e+02 2.85455353e+02 1.76003799e+02
    3.23931549e+02 1.77656631e+02 3.62845154e+02 1.79640671e+02
    3.99696655e+02 1.82043808e+02 4.34536835e+02 1.84798126e+02
    4.65900909e+02 1.87729080e+02 4.94910736e+02 1.90643250e+02
    5.20990234e+02 1.93552139e+02 2.44871475e+02 2.13731995e+02
    2.83642242e+02 2.14731796e+02 3.22658295e+02 2.16224258e+02
    3.62438354e+02 2.17629837e+02 3.99826599e+02 2.19426285e+02
    4.34464874e+02 2.20958679e+02 4.66734924e+02 2.22561920e+02
    4.95822235e+02 2.24351822e+02 5.22369568e+02 2.25688126e+02
    2.43461700e+02 2.53524109e+02 2.82243378e+02 2.54694763e+02
    3.21950470e+02 2.55954025e+02 3.61468109e+02 2.57183868e+02
    3.98884369e+02 2.57773590e+02 4.34266724e+02 2.58370911e+02
    4.66690643e+02 2.58479156e+02 4.95595459e+02 2.58666321e+02
    5.22725098e+02 2.58887543e+02 2.42927689e+02 2.93058075e+02
    2.81641296e+02 2.94423676e+02 3.20945526e+02 2.95520172e+02
    3.60277435e+02 2.95929321e+02 3.97736298e+02 2.95783905e+02
    4.33215271e+02 2.95479950e+02 4.65572144e+02 2.94375031e+02
    4.94351898e+02 2.93315399e+02 5.21284668e+02 2.92003906e+02
    2.43250824e+02 3.31528809e+02 2.81479523e+02 3.32540314e+02
    3.20221283e+02 3.33429382e+02 3.58698547e+02 3.33389313e+02
    3.95667786e+02 3.32490875e+02 4.30716980e+02 3.31012878e+02
    4.63051727e+02 3.28877869e+02 4.92563049e+02 3.26775116e+02
    5.18798157e+02 3.24520477e+02 2.43762970e+02 3.68474152e+02
    2.81622620e+02 3.69634766e+02 3.19654449e+02 3.69985992e+02
    3.57527618e+02 3.69183472e+02 3.93888214e+02 3.67773529e+02
    4.28501831e+02 3.65645721e+02 4.60825195e+02 3.62916595e+02
    4.90000671e+02 3.59701904e+02 5.17307556e+02 3.56560333e+02
    1.45386673e+02 1.74248306e+02 1.73750305e+02 1.74659180e+02
    2.03098694e+02 1.75427597e+02 2.32341080e+02 1.76050568e+02
    2.61719086e+02 1.76883224e+02 2.90429871e+02 1.77973282e+02
