<?xml version="1.0"?>
<opencv_storage>
<calibration_time>"Prş 28 May 2020 15:30:47 +03"</calibration_time>
<nr_of_frames>5</nr_of_frames>
<image_width>640</image_width>
<image_height>480</image_height>
<board_width>10</board_width>
<board_height>7</board_height>
<square_size>24.</square_size>
<fix_aspect_ratio>0.</fix_aspect_ratio>
<!-- flags: +fix_skew +fix_k4 +recompute_extrinsic -->
<flags>650</flags>
<fisheye_model>1</fisheye_model>
<camera_matrix type_id="opencv-matrix">
  <rows>3</rows>
  <cols>3</cols>
  <dt>d</dt>
  <data>
    5.0617003290660983e+02 0. 3.1950000000000000e+02 0.
    5.0231733233465349e+02 2.3950000000000000e+02 0. 0. 1.</data></camera_matrix>
<distortion_coefficients type_id="opencv-matrix">
  <rows>4</rows>
  <cols>1</cols>
  <dt>d</dt>
  <data>
    -7.5988680482083060e-01 2.0422113960742880e+00
    -4.4147639243159968e+00 0.</data></distortion_coefficients>
<avg_reprojection_error>5.0877030910368006e+00</avg_reprojection_error>
<per_view_reprojection_errors type_id="opencv-matrix">
  <rows>5</rows>
  <cols>1</cols>
  <dt>f</dt>
  <data>
    7.46439552e+00 4.18565750e+00 2.48586226e+00 7.05187178e+00
    5.27519345e-01</data></per_view_reprojection_errors>
<!-- a set of 6-tuples (rotation vector + translation vector) for each view -->
<extrinsic_parameters type_id="opencv-matrix">
  <rows>5</rows>
  <cols>6</cols>
  <dt>d</dt>
  <data>
    -5.0263020141999504e-01 -5.8571814404804919e-02
    1.5699061485947907e+00 1.1834383240390389e+02
    -4.5144923464125682e+01 1.0992526566805914e+03
    4.9943973710031711e-03 4.5571977644040174e-01 1.6189063140418476e+00
    4.2850477354752576e+02 -5.0090652489389988e+01
    1.1862104770587057e+03 -4.7206044760959090e-02
    4.9052401342105439e-01 1.6514101950360465e+00 6.0205640381118576e+02
    -4.5477753099689565e+01 1.1064033622269292e+03
    -3.9274680423952341e-01 1.7425439008605950e-01
    1.5401683447029759e+00 -2.2848236675893722e+02
    -5.8586640310420428e+01 1.0657959554861263e+03
    -2.2645107671766712e-01 2.4326087555203105e-02
    1.6126866118438603e+00 5.3816226392006136e+01
    -1.9620721442115332e+01 7.8143484556850399e+02</data></extrinsic_parameters>
<image_points type_id="opencv-matrix">
  <rows>5</rows>
  <cols>70</cols>
  <dt>"2f"</dt>
  <data>
    3.70692139e+02 2.21207611e+02 3.70745728e+02 2.21284210e+02
    3.70584198e+02 2.43606995e+02 3.70512482e+02 2.43685913e+02
    3.72116394e+02 2.65572052e+02 3.72230072e+02 2.65723297e+02
    3.72478271e+02 2.87271515e+02 3.72765350e+02 2.98099121e+02
    3.73204773e+02 3.09342010e+02 3.73200989e+02 3.09418396e+02
    3.58849579e+02 2.21050552e+02 3.70636627e+02 2.21245422e+02
    3.70569702e+02 2.43608276e+02 3.61262909e+02 2.53498550e+02
    3.71966614e+02 2.65599976e+02 3.71718842e+02 2.75661652e+02
    3.60950653e+02 2.86684448e+02 3.72410461e+02 2.87362183e+02
    3.73165100e+02 3.09323334e+02 3.73164703e+02 3.09365784e+02
    3.49716858e+02 2.20287918e+02 3.58792999e+02 2.21128265e+02
    3.60173492e+02 2.43570251e+02 3.49271393e+02 2.52856186e+02
    3.54829437e+02 2.59121948e+02 3.60965271e+02 2.75106079e+02
    3.60980133e+02 2.75374481e+02 3.60822876e+02 2.86781830e+02
    3.61441711e+02 2.98830353e+02 3.61454834e+02 3.09592102e+02
    3.49609161e+02 2.20200104e+02 3.49605103e+02 2.20287445e+02
    3.49500488e+02 2.43995132e+02 3.38726837e+02 2.53787415e+02
    3.49152771e+02 2.65357819e+02 3.37666931e+02 2.64406372e+02
    3.49823212e+02 2.87275513e+02 3.38998138e+02 2.98901489e+02
    3.50388000e+02 3.09824646e+02 3.50316833e+02 3.10022583e+02
    3.36800690e+02 2.07050674e+02 3.37645996e+02 2.19096252e+02
    3.26914520e+02 2.44903976e+02 3.38610565e+02 2.53796860e+02
    3.27373718e+02 2.53394516e+02 3.26560150e+02 2.65029083e+02
    3.27242493e+02 2.74899384e+02 3.38612549e+02 2.87293030e+02
    3.39127258e+02 3.09844330e+02 3.27996124e+02 3.10077759e+02
    3.13610657e+02 2.05932022e+02 3.28309509e+02 2.17892395e+02
    3.26597595e+02 2.44948730e+02 3.27298492e+02 2.53383484e+02
    3.15289185e+02 2.53333160e+02 3.15014862e+02 2.74818542e+02
    3.27237305e+02 2.74908203e+02 3.21200867e+02 2.92578308e+02
    3.27809448e+02 3.09821777e+02 3.27778870e+02 3.10061493e+02
    3.13606049e+02 2.05930923e+02 3.09738464e+02 2.24468811e+02
    3.09535522e+02 2.35729294e+02 3.15142944e+02 2.53271912e+02
    3.07465057e+02 2.53142090e+02 3.14833130e+02 2.74970520e+02
    3.14871094e+02 2.75063599e+02 3.09330017e+02 2.92191010e+02
    3.07573334e+02 2.98483307e+02 3.14705475e+02 3.19314545e+02
    4.80473511e+02 2.23724670e+02 4.81412384e+02 2.28130280e+02
    4.80611176e+02 2.37351547e+02 4.80427185e+02 2.46492874e+02
    4.80527496e+02 2.51387939e+02 4.80229431e+02 2.61143372e+02
    4.80129181e+02 2.71158203e+02 4.79715912e+02 2.80198181e+02
    4.78471863e+02 2.90233063e+02 4.79112793e+02 3.01062439e+02
    4.75969177e+02 2.23200333e+02 4.76552399e+02 2.27778946e+02
    4.76174896e+02 2.37464066e+02 4.76080933e+02 2.46750763e+02
    4.75861084e+02 2.51412323e+02 4.75454834e+02 2.70746368e+02
    4.75185364e+02 2.75178070e+02 4.74188202e+02 2.80368591e+02
    4.70098145e+02 2.90327240e+02 4.73482544e+02 3.00835205e+02
    4.66923859e+02 2.22515854e+02 4.67204620e+02 2.26561264e+02
    4.67230469e+02 2.36563431e+02 4.66958832e+02 2.46154404e+02
    4.66878052e+02 2.55813751e+02 4.66934540e+02 2.65573517e+02
    4.66214294e+02 2.80336670e+02 4.66178345e+02 2.80391663e+02
    4.64503418e+02 2.90158600e+02 4.60067810e+02 2.99815643e+02
    4.58758484e+02 2.21798004e+02 4.58724426e+02 2.26536987e+02
    4.57477631e+02 2.36607346e+02 4.57471344e+02 2.45856110e+02
    4.58360565e+02 2.50450104e+02 4.57134216e+02 2.70378998e+02
    4.56331329e+02 2.74215240e+02 4.56897491e+02 2.90335602e+02
    4.56121887e+02 2.94496216e+02 4.51208496e+02 3.00419861e+02
    4.49061615e+02 2.21578506e+02 4.48635590e+02 2.27229584e+02
    4.44098236e+02 2.39976974e+02 4.47721680e+02 2.44718613e+02
    4.49187866e+02 2.55210083e+02 4.47763306e+02 2.64582397e+02
    4.42563538e+02 2.74464020e+02 4.46899109e+02 2.83781128e+02
    4.51127014e+02 3.00483673e+02 4.51119629e+02 3.00486481e+02
    4.39890533e+02 2.21062988e+02 4.39656128e+02 2.26498260e+02
    4.39195648e+02 2.34077209e+02 4.39374939e+02 2.39612183e+02
    4.39157349e+02 2.49388458e+02 4.34020721e+02 2.59282684e+02
    4.33092804e+02 2.68700378e+02 4.32302643e+02 2.89181152e+02
    4.32321869e+02 2.89352936e+02 4.31070068e+02 2.99606873e+02
    4.35466888e+02 2.20733475e+02 4.35151947e+02 2.25722748e+02
    4.35007385e+02 2.35506607e+02 4.34758240e+02 2.39542068e+02
    4.34050812e+02 2.59261230e+02 4.33505798e+02 2.63822876e+02
    4.33034760e+02 2.68742828e+02 4.32916809e+02 2.78750275e+02
    4.30964081e+02 2.99568481e+02 4.30948853e+02 2.99561279e+02
    5.35687439e+02 2.22582657e+02 5.35654114e+02 2.27971527e+02
    5.36136292e+02 2.37890015e+02 5.36094055e+02 2.47324814e+02
    5.40922607e+02 2.55480392e+02 5.35233459e+02 2.64865112e+02
    5.34826904e+02 2.74413452e+02 5.39627502e+02 2.83375946e+02
    5.33722229e+02 2.93086060e+02 5.33977905e+02 2.97723785e+02
    5.35695557e+02 2.22560837e+02 5.35608032e+02 2.28234421e+02
    5.35906616e+02 2.38144989e+02 5.36110107e+02 2.47287933e+02
    5.35498840e+02 2.55365326e+02 5.34935974e+02 2.65323456e+02
    5.34731506e+02 2.74365387e+02 5.34585510e+02 2.83390076e+02
    5.33794495e+02 2.93412170e+02 5.33831055e+02 2.97752777e+02
    5.27937805e+02 2.22869278e+02 5.27598877e+02 2.28662201e+02
    5.27988953e+02 2.37624527e+02 5.28438049e+02 2.46953827e+02
    5.27094543e+02 2.55393372e+02 5.26521912e+02 2.64964691e+02
    5.26697510e+02 2.74449738e+02 5.26247437e+02 2.83138214e+02
    5.25969788e+02 2.92271667e+02 5.25359009e+02 2.97148071e+02
    5.20304993e+02 2.21723358e+02 5.19710022e+02 2.28238037e+02
    5.19783813e+02 2.36851990e+02 5.19505371e+02 2.46229218e+02
    5.18756836e+02 2.55389999e+02 5.18336426e+02 2.63737518e+02
    5.18678406e+02 2.73227264e+02 5.18854553e+02 2.82183472e+02
