%YAML:1.0
---
R: !!opencv-matrix
   rows: 3
   cols: 3
   dt: d
   data: [ 9.9892260894409546e-01, 4.6166617196203595e-02,
       4.7185587821888192e-03, -4.6107345220760244e-02,
       9.9886464234612149e-01, -1.1980775744852581e-02,
       -5.2663134178863443e-03, 1.1750307545507453e-02,
       9.9991709467113854e-01 ]
T: !!opencv-matrix
   rows: 3
   cols: 1
   dt: d
   data: [ -9.4506407782712856e+01, 7.8494583472319412e-01,
       5.9020880196517889e-01 ]
R1: !!opencv-matrix
   rows: 3
   cols: 3
   dt: d
   data: [ 9.9928450001566305e-01, 3.7794881915587900e-02,
       -1.4265095278169410e-03, -3.7802757833048269e-02,
       9.9926738292316453e-01, -5.9706721653010773e-03,
       1.1998035931323641e-03, 6.0203261436869290e-03,
       9.9998115789471831e-01 ]
R2: !!opencv-matrix
   rows: 3
   cols: 3
   dt: d
   data: [ 9.9994601060935440e-01, -8.3052935181004671e-03,
       -6.2448351471396518e-03, 8.3425922966161251e-03,
       9.9994737514165521e-01, 5.9706030755895968e-03,
       6.1949189025518143e-03, -6.0223788399599194e-03,
       9.9996267626991908e-01 ]
P1: !!opencv-matrix
   rows: 3
   cols: 4
   dt: d
   data: [ 2.6338598998003448e+02, 0., 3.0466132116455123e+02, 0., 0.,
       2.6338598998003448e+02, 2.3713320143915362e+02, 0., 0., 0., 1.,
       0. ]
P2: !!opencv-matrix
   rows: 3
   cols: 4
   dt: d
   data: [ 2.6338598998003448e+02, 0., 3.0466132116455123e+02,
       -2.4893007731625425e+04, 0., 2.6338598998003448e+02,
       2.3713320143915362e+02, 0., 0., 0., 1., 0. ]
Q: !!opencv-matrix
   rows: 4
   cols: 4
   dt: d
   data: [ 1., 0., 0., -3.0466132116455123e+02, 0., 1., 0.,
       -2.3713320143915362e+02, 0., 0., 0., 2.6338598998003448e+02, 0.,
       0., 1.0580721816328152e-02, 0. ]
