%YAML:1.0
---
M1: !!opencv-matrix
   rows: 3
   cols: 3
   dt: d
   data: [ 7.0274636420320849e+02, 0., 3.3216533913070219e+02, 0.,
       8.1862017108509917e+02, 2.4112009573565194e+02, 0., 0., 1. ]
D1: !!opencv-matrix
   rows: 1
   cols: 14
   dt: d
   data: [ 2.1609149202390043e-01, -7.7256589186080653e+00, 0., 0., 0.,
       0., 0., -1.7225413276193578e+01, 0., 0., 0., 0., 0., 0. ]
M2: !!opencv-matrix
   rows: 3
   cols: 3
   dt: d
   data: [ 7.0274636420320849e+02, 0., 3.0810492569840835e+02, 0.,
       8.1862017108509917e+02, 2.5865935894763072e+02, 0., 0., 1. ]
D2: !!opencv-matrix
   rows: 1
   cols: 14
   dt: d
   data: [ 1.1303332483785300e+00, -1.9474346854394710e+01, 0., 0., 0.,
       0., 0., -6.4893823113104929e+01, 0., 0., 0., 0., 0., 0. ]
