<?xml version="1.0"?>
<opencv_storage>
<calibration_time>"Prş 28 May 2020 18:23:36 +03"</calibration_time>
<nr_of_frames>23</nr_of_frames>
<image_width>640</image_width>
<image_height>480</image_height>
<board_width>10</board_width>
<board_height>7</board_height>
<square_size>24.</square_size>
<fix_aspect_ratio>0.</fix_aspect_ratio>
<!-- flags: +fix_skew +recompute_extrinsic -->
<flags>522</flags>
<fisheye_model>1</fisheye_model>
<camera_matrix type_id="opencv-matrix">
  <rows>3</rows>
  <cols>3</cols>
  <dt>d</dt>
  <data>
    4.1550757741344813e+02 0. 3.1950000000000000e+02 0.
    4.1674720676009827e+02 2.3950000000000000e+02 0. 0. 1.</data></camera_matrix>
<distortion_coefficients type_id="opencv-matrix">
  <rows>4</rows>
  <cols>1</cols>
  <dt>d</dt>
  <data>
    -2.1806021662322311e-01 4.5874749274278309e-01
    -8.9596836939344848e-01 5.5672323860162931e-01</data></distortion_coefficients>
<avg_reprojection_error>2.5998369323827784e+00</avg_reprojection_error>
<per_view_reprojection_errors type_id="opencv-matrix">
  <rows>23</rows>
  <cols>1</cols>
  <dt>f</dt>
  <data>
    7.49642706e+00 4.24234056e+00 2.52262115e+00 7.06742668e+00
    3.09201479e-01 4.77333337e-01 8.67036343e-01 2.52161354e-01
    1.85499966e+00 6.27533972e-01 8.89664710e-01 8.05543065e-01
    1.05485547e+00 6.00509405e-01 3.01555365e-01 2.42222953e+00
    2.77392209e-01 2.91650593e-01 3.03120375e+00 5.68335652e-01
    7.46275425e-01 6.21568978e-01 7.01802552e-01</data></per_view_reprojection_errors>
<!-- a set of 6-tuples (rotation vector + translation vector) for each view -->
<extrinsic_parameters type_id="opencv-matrix">
  <rows>23</rows>
  <cols>6</cols>
  <dt>d</dt>
  <data>
    -4.7869960859154370e-01 -3.5942851019670798e-02
    1.5740322794288306e+00 1.2042383639801602e+02
    -4.5539287539108571e+01 9.2558900406534212e+02
    2.4216862175708946e-02 1.3303599455083961e-01 1.6189340517474722e+00
    4.3834041900756824e+02 -5.0910441172218164e+01
    1.0267226353850585e+03 -5.1978644421228730e-02
    1.0642453585286527e-01 1.6358306438647392e+00 6.2783737805117664e+02
    -4.7556980019334432e+01 1.0130609468747116e+03
    -2.8732178738750436e-01 3.9563502477973543e-02
    1.5690286601046457e+00 -2.4074028740306824e+02
    -6.0581907336808463e+01 9.3125123704612463e+02
    -1.4870305478662030e-01 3.1258029885352465e-02
    1.6126261809905393e+00 5.4070326483320521e+01
    -2.0659617952011008e+01 6.5218240110261343e+02
    -3.2530928062447678e-01 -1.8640528044298610e-01
    -3.0842830141384425e+00 3.0453153657044936e+02
    -5.9876814531517901e+00 4.5301031663553186e+02
    -4.7059046165298873e-01 -5.6327355425635406e-01
    -2.8992683536484196e+00 2.8848925737656509e+02
    2.1642400464336251e+02 3.7052257695241337e+02
    -4.4300134776283456e-01 -5.8714794588578323e-01
    -2.8901389261516890e+00 9.8693929935552234e+01
    2.0205382660340410e+02 4.3614715050919602e+02
    -2.7331929714305514e-01 8.3030011994222119e-01
    3.0166425370108043e+00 -1.3299343569700969e+02
    1.7083786429585527e+02 5.0683414827676103e+02
    -4.0297001005386050e-03 -1.9228817474447849e-01
    -3.1043337811685414e+00 1.8473168316863902e+02
    1.0913479889815434e+01 3.2182717149558010e+02
    -3.9267257071504386e-02 -1.6444096181869344e-01
    -3.1027596862924494e+00 1.9302834885215935e+02
    2.1483880081169897e+01 2.3500370207055678e+02
    -2.8970302048048149e-02 -1.8477245699158099e-01
    -3.0897883750606052e+00 9.8653169775020956e+01
    1.9256878315650706e+01 2.3483281180263538e+02
    -8.8475898490899652e-02 -8.8882979113137195e-02
    -3.1053569835727819e+00 1.4083633552285457e+02
    2.8043654199634677e+01 2.0038885189482275e+02
    -6.5216817080318701e-01 3.2734797864491538e-01
    2.9932603654555621e+00 1.7999119566885437e+01
    -1.6538528764546797e+01 4.7008154235426690e+02
    -8.5091673261516310e-01 -3.1011508044521130e-01
    -2.8420143179856576e+00 1.8446892855212167e+02
    -2.4275982159657195e-01 3.8257073042900259e+02
    -1.9514033360633862e-01 -2.8335595496597710e-01
    -2.3812862212069317e+00 2.3264454449776846e+01
    -3.3301741605055341e+01 5.0531010345995395e+02
    -2.1350796620373891e-01 -3.4855309792701661e-01
    -2.1913218104551988e+00 4.3016995096999295e+00
    1.8672805884148090e+02 4.3043641907331653e+02 2.0291821705566809e-01
    -3.5442678883155604e-01 -3.0806605768993394e+00
    -7.2905084598964635e+01 1.8453711697084958e+02
    5.4364654666073307e+02 -1.1703990354505586e-03
    -2.1003946956861844e-01 -3.0893270039969773e+00
    2.7798444365481816e+02 1.8516881079170429e+02 6.4166386843651560e+02
    1.0008478808765226e-02 -2.6852902118877764e-01
    -3.0902484746929990e+00 1.4009089097822877e+02
    9.1566665741080531e+00 3.0529278666084991e+02
    -3.4931050767486650e-03 -4.3055122053543105e-01
    -3.0203983749094792e+00 1.4651938253716366e+02
    2.1679583310740774e+01 2.7238452886906060e+02 1.9145555337466806e-02
    -1.9654625866533329e-01 -3.0126362556124380e+00
    8.5173693458931453e+01 5.8329089191790956e+01 2.8132969807717166e+02
    -2.4970130918441150e-02 -1.6383834721560142e-01
    -3.0184007330119482e+00 1.7983812021100630e+02
    5.7731775330391748e+01 3.0087725261472190e+02</data></extrinsic_parameters>
